f(1.0) = -1.0
f(1.5) = 0.25
f(1.25) = -0.4375
f(1.375) = -0.109375
f(1.4375) = 0.06640625
f(1.40625) = -0.0224609375
f(1.421875) = 0.021728515625
f(1.4140625) = -0.00042724609375
f(1.41796875) = 0.0106353759765625
f(1.416015625) = 0.005100250244140625
f(1.4150390625) = 0.0023355484008789062
f(1.41455078125) = 0.0009539127349853516
f(1.414306640625) = 0.0002632737159729004
f(1.4141845703125) = -8.200109004974365e-05
sqrt(2) = 1.4141845703125 (computed)
sqrt(2) = 1.4142135623730951 (actual)
